frame: 
0
cam: 
314 314
361 319
251 190
229 119
418 136
250 324
449 96
obj:
-225.69119 -205.60655 0.0
-225.74040 -230.51715 0.0
-245.48930 -226.48495 16.99000
-254.58340 -269.97714 19.40000
-236.63960 -286.55515 14.77000
-245.48930 -226.48495 0.0
-239.34171 -300.66794 14.77000

frame:
25
cam:
342 316
392 321
278 189
258 114
457 130
278 325
493 87
obj:
-225.69119 -205.60655 0.0
-225.74040 -230.51715 0.0
-245.48930 -226.48495 16.99000
-254.58340 -269.97714 19.40000
-236.63960 -286.55515 14.77000
-245.48930 -226.48495 0.0
-239.34171 -300.66794 14.77000

frame:
50
cam:
336 317
388 321
268 184
243 99
460 114
267 326
503 61
obj:
-225.69119 -205.60655 0.0
-225.74040 -230.51715 0.0
-245.48930 -226.48495 16.99000
-254.58340 -269.97714 19.40000
-236.63960 -286.55515 14.77000
-245.48930 -226.48495 0.0
-239.34171 -300.66794 14.77000

frame:
75
cam:
237 75
229 350
267 175
267 329
484 86
478 65
397 181
obj:
-254.583 -269.977 19.4
-254.583 -269.977 0.0
-245.489 -226.485 16.99
-245.489 -226.485 0.0
-232.533 -265.102 15.68
-231.118 -265.364 18.12
-225.74 -230.517 15.98

frame:
100
cam:
221 53
215 357
260 168
259 330
497 60
492 30
398 174
obj:
-254.583 -269.977 19.4
-254.583 -269.977 0.0
-245.489 -226.485 16.99
-245.489 -226.485 0.0
-232.533 -265.102 15.68
-231.118 -265.364 18.12
-225.74 -230.517 15.98

frame:
125
cam:
215 34
209 363
261 162
261 330
519 33
513 0.0
404 170
obj:
-254.583 -269.977 19.4
-254.583 -269.977 0.0
-245.489 -226.485 16.99
-245.489 -226.485 0.0
-232.533 -265.102 15.68
-231.118 -265.364 18.12
-225.74 -230.517 15.98

frame:
150
cam:
405 167
260 157
407 328
260 330
342 324
343 216
obj:
-225.936 -231.5509 17.108
-245.3792 -228.2959 18.1587
-226.8633 -231.6071 0.0
-244.9218 -227.63 0.0
-225.4429 -207.089 0.0
-226.5817 -205.7096 19.1499

frame:
175
cam:
416 161
263 150
418 329
262 331
348 324
350 213
obj:
-225.936 -231.5509 17.108
-245.3792 -228.2959 18.1587
-226.8633 -231.6071 0.0
-244.9218 -227.63 0.0
-225.4429 -207.089 0.0
-226.5817 -205.7096 19.1499

frame:
200
cam:
421 152
258 145
421 331
257 334
348 324
349 209
obj:
-225.936 -231.5509 17.108
-245.3792 -228.2959 18.1587
-226.8633 -231.6071 0.0
-244.9218 -227.63 0.0
-225.4429 -207.089 0.0
-226.5817 -205.7096 19.1499

frame:
225
cam:
258 335
260 134
430 145
429 333
354 324
obj:
-245.49 -226.48 0.0
-245.49 -226.48 16.99
-255.74 -230.52 15.98
-255.74 -230.52 0.0
-225.69 -205.61 0.0

frame:
250
cam:
252 338
251 128
433 138
431 337
353 327
obj:
-245.49 -226.48
-245.49 -226.48
-255.74 -230.52
-255.74 -230.52
-225.69 -205.61

frame:
275
cam:
247 337
249 118
435 132
434 337
353 329
obj:
-245.49 -226.48
-245.49 -226.48
-255.74 -230.52
-255.74 -230.52
-225.69 -205.61

frame:
300
cam:
242 109
241 338
441 122
441 338
353 195
352 329
obj:
-245.4888 -226.4842 16.9902
-245.4888 -226.4842 0.0
-225.7411 -230.5172 15.9798
-225.7411 -230.5172 0.0
-225.6911 -205.6072 19.3171
-225.6911 -205.6072 0.0

frame:
325
cam:
239 103
235 342
446 112
445 339
352 190
352 330
obj:
-245.4888 -226.4842 16.9902
-245.4888 -226.4842 0.0
-225.7411 -230.5172 15.9798
-225.7411 -230.5172 0.0
-225.6911 -205.6072 19.3171
-225.6911 -205.6072 0.0

frame:
350
cam:
231 92
229 343
451 103
451 345
352 185
353 333
obj:
-245.4888 -226.4842 16.9902
-245.4888 -226.4842 0.0
-225.7411 -230.5172 15.9798
-225.7411 -230.5172 0.0
-225.6911 -205.6072 19.3171
-225.6911 -205.6072 0.0

frame:
375
cam:
456 352
456 87
352 335
350 178
222 355
224 76
obj:
-225.7404 -230.5175 0.0
-225.7404 -230.5175 15.98
-225.69119 -205.60655 0.0
-225.69119 -205.60655 19.317
-245.4893 -226.48495 0.0
-245.4893 -226.48495 16.99

frame:
400
cam:
470 354
470 75
358 339
355 172
217 355
219 58
obj:
-225.7404 -230.5175 0.0
-225.7404 -230.5175 15.98
-225.69119 -205.60655 0.0
-225.69119 -205.60655 19.317
-245.4893 -226.48495 0.0
-245.4893 -226.48495 16.99

frame:
425
cam:
479 362
477 56
356 342
352 165
201 165
206 43
obj:
-225.7404 -230.5175 0.0
-225.7404 -230.5175 15.98
-225.69119 -205.60655 0.0
-225.69119 -205.60655 19.317
-245.4893 -226.48495 0.0
-245.4893 -226.48495 16.99