frame: 
0
cam: 
314 314
361 319
251 190
229 119
418 136
250 324
449 96
obj:
-19648.9141 -15537.2480 99.8146
-19338.3809 -17606.6992 111.0
-21274.3789 -17254.6543 1815.0
-22170.3789 -21574.6543 2055.0
-20442.3848 -23277.3145 1588.0
-21274.3789 -17254.6543 115.0
-20714.3809 -24646.6543 1588.0
end

frame:
25
cam:
342 316
392 321
278 189
258 114
457 130
278 325
493 87
obj:
-19648.9141 -15537.2480 99.8146
-19338.3809 -17606.6992 111.0
-21274.3789 -17254.6543 1815.0
-22170.3789 -21574.6543 2055.0
-20442.3848 -23277.3145 1588.0
-21274.3789 -17254.6543 115.0
-20714.3809 -24646.6543 1588.0
end

frame:
50
cam:
336 317
388 321
268 184
243 99
460 114
267 326
503 61
obj:
-19648.9141 -15537.2480 99.8146
-19338.3809 -17606.6992 111.0
-21274.3789 -17254.6543 1815.0
-22170.3789 -21574.6543 2055.0
-20442.3848 -23277.3145 1588.0
-21274.3789 -17254.6543 115.0
-20714.3809 -24646.6543 1588.0
end